Data/London_LC.asc
NCOLS 59 
NROWS 46 
XLLCORNER 503575 
YLLCORNER 154925 
CELLSIZE 1000 
NODATA_value -9999 
0.000000000000000 0 0 0 0 0 0 0 0 0 0 0 0 0 0 0 0 0 0 0 0 0 0 1.776875 1.35125 2.275 2.93125 7.325 3.81375 2.481875 1.02 3.3425 2.029375 0.128125 0 0 0 0 0 0 0 0 0 0 0 0 0 0 0 0 0 0 0 0 0 0 0 0 0
0 0 0 0 0 0 0 0 0 0 0 0 0 0 0 0 0 0 0 0 0 0 0 2.47875 4.7925 3.5525 4.45 8.14125 7.275625 3.335625 8.01875 18.775 20.135 11.25625 0.578125 0 0 0 0 0 0 0 0 0 0 0 0 0 0 0 0 0 0 0 0 0 0 0 0
0 0 0 0 0 0 0 0 0 0 0 0 0 0 0 0 0 0 0 0 0.625 1.08625 6.711875 13.820625 3.25125 3.079375 4.630625 9.3425 9.806875 12.32375 14.62375 17.601875 18.43875 16.778125 0.945625 0 0 0 0 0 0 0 0 0 0 0 0 0 0 0 0 0 0 0 0 0 0 0 0
0 0 0 0 0 0 0 0 0 0 0 0 0 0 0 0 0 0 0.27875 1.019375 8.305625 9.84875 10.803125 5.25 5.36625 4.41125 2.794375 12.7975 20.2375 19.895 15.7275 20.16375 20.240625 15.920625 2.20625 0 0 0 0 0 0 0 0 0 0 0 0 0 0 0 0 0 0 0 0 0 0 0 0
0 0 0 0 0 0 0 0 0 0 0 0 0 0 0 0 0 2.920625 4.69 14.655625 20.75875 17.09125 18.889375 18.46625 13.38875 7.28 11.909375 13.584375 14.879375 19.410625 14.899375 18.84125 18.52 14.75875 1.534375 0 0 0 0 0 0 0 0 0 0 0 0 0 0 0 0 0 0 0 0 0 0 0 0
0 0 0 0 0 0 0 0 0 0 0 0 0 0 0 0 0.808125 5.9875 9.703125 11.17875 15.96375 13.801875 20.506875 19.7325 15.6175 20.294375 16.931875 19.893125 15.065625 20.549375 20.250625 19.1875 17.549375 13.893125 10.83 2.050625 1.185625 0 0 0 0 0 0 0 0 0 0 0 0 0 0 0 0 0 0 0 0 0 0
0 0 0 0 0 0 0 0 0 0 0 0.19 1.868125 5.3475 2.26875 3.32125 5.645 4.77 5.735 6.064375 9.791875 11.61625 15.2975 20.7025 16.65125 19.7675 16.68 16.804375 18.40125 17.808125 16.5575 20.138125 12.5675 14.293125 18.948125 19.15 3.93375 0 0 0 0 0 0 0 0 0 0 0.39 0.695 1.636875 6.6875 0.85875 0 0 0 0 0 0 0
3.74125 0.218125 0 0 0 0 0 0 0 0.02 1.25125 6.68375 9.138125 6.104375 5.95625 11.04625 19.32375 16.795 11.42 4.33125 3.7825 14.30375 17.991875 17.739375 16.7775 18.3425 19.724375 20.608125 17.0225 14.891875 19.6775 20.0425 17.015 19.01625 19.781875 17.700625 9.913125 2.405 0.16875 0 0 0 0.014375 0.553125 2.554375 2.79875 2.616875 7.4725 4.59625 8.338125 9.295625 3.378125 1.653125 0 0 0 0 0 0
3.64 3.394375 0.608125 0.026875 6.63875 3.77875 0.564375 0.009375 1.504375 5.46875 3.48375 6.89125 13.570625 18.26 17.97375 20.83875 20.938125 20.80625 14.836875 10.519375 10.045 15.885625 20.514375 18.389375 18.775625 19.36625 16.95125 19.59875 17.763125 18.85125 18.5575 19.6425 18.753125 20.219375 14.84625 15.82875 16.546875 18.555 4.769375 0.4325 0 8.48125 14.786875 12.8825 3.736875 8.158125 10.895 6.571875 3.35 13.218125 17.81 11.15125 5.669375 1.761875 0 0 0 0 0
3.54375 6.800625 5.029375 3.58875 13.715625 19.244375 17.330625 8.44375 13.200625 18.83375 14.375 18.979375 16.433125 16.383125 16.079375 19.4075 20.3525 19.87 17.803125 13.155 17.128125 16.883125 20.76625 14.92625 16.32 13.8775 20.2375 18.34375 17.593125 17.525625 20 16.855 15.528125 14.7525 15.005625 15.12625 17.270625 19.97875 15.0475 9.27 15.0825 12.6775 8.16 4.033125 3.840625 11.181875 20.908125 17.05625 5.4475 17.986875 20.66875 19.770625 11.32375 1.460625 0 0 0 0 0
4.9025 12.9275 8.55125 3.981875 10.71 6.941875 16.375 19.010625 20.423125 6.60625 17.603125 20.85375 20.93875 19.855625 17.295 20.133125 20.60625 19.124375 19.476875 10.136875 15.845 20.356875 20.7375 11.663125 16.925 17.628125 14.55625 19.979375 18.46125 17.965625 19.664375 13.92375 19.311875 18.79125 18.298125 11.90125 20.136875 18.98625 15.175625 18.4 19.380625 8.078125 5.760625 4.95125 5.038125 8.47625 20.118125 19.481875 10.98125 15.604375 20.65375 14.24125 6.350625 4.7175 0.006875 0 0 0 0
7.10625 9.713125 4.285 2.971875 3.38 4.37375 13.520625 19.32875 20.726875 18.69625 16.7175 20.568125 17.806875 19.87875 20.733125 20.23625 19.145 20.32625 18.73375 20.085 20.61375 20.21875 19.543125 20.209375 18.34625 17.375 17.293125 20.045625 18.315 19.96375 19.696875 15.07 18.634375 20.00875 20.07875 12 17.546875 16.70875 16.66625 18.846875 19.32875 10.206875 13.4525 10.30875 16.141875 5.55625 16.524375 20.65125 20.526875 19.663125 20.013125 12.795 3.745 5.00625 2.098125 0 0 0 0
1.6575 9.83 4.235 5.06625 14.15875 9.845 16.196875 20.6675 20.51 20.95875 20.895625 18.819375 19.788125 20.47 19.805 17.701875 14.45 15.136875 19.725 19.164375 20.23875 19.725 15.39375 15.45625 15.055 12.634375 19.8825 19.3675 19.444375 19.85625 18.8225 14.654375 16.580625 20.014375 20.009375 14.93875 16.76375 16.4875 18.508125 19.780625 19.71375 19.91875 12.01375 20.130625 18.358125 8.91375 16.41625 19.719375 20.199375 19.76625 20.49875 16.89 5.563125 14.086875 7.53375 0.095625 0 0 0
0 5.346875 4.32375 7.076875 9.834375 20.036875 20.459375 20.6575 18.395 20.791875 17.638125 14.3075 8.761875 14.174375 18.770625 13.165625 15.115625 12.679375 15.6325 19.96375 17.68625 19.41625 11.29875 10.65375 16.588125 19.17 19.925625 18.183125 15.765625 18.838125 19.61 10.58125 16.945 19.46 20.065 20.035625 14.304375 10.47125 9.33625 17.9125 17.341875 19.798125 20.074375 19.87375 20.09625 16.725 11.7875 19.24125 20.555625 19.1675 20.439375 17.185625 11.721875 18.026875 9.800625 3.47625 3.540625 0 0
0 2.676875 9.091875 16.89875 18.91375 13.553125 17.87625 19.05625 18.078125 18.76375 19.435625 14.889375 15.9675 18.38125 18.00125 20.019375 20.30625 18.2275 19.19375 19.7525 19.893125 19.465625 11.02 5.01875 12.991875 18.385 20.026875 20.0025 18.525 17.27625 20.02375 17.45125 11.321875 12.488125 20.023125 19.94625 13.084375 8.604375 11.715 16.695625 20.0225 19.33125 18.653125 17.22875 18.36625 20.575625 12.40625 12.143125 14.386875 16.408125 20.17375 19.760625 19.04375 11.79125 4.269375 5.47875 3.463125 1.5975 0
0 0.40375 12.363125 12.7975 13.985 4.7 15.32625 18.505625 18.925 20.225625 19.1075 15.66125 18.7225 16.5875 18.86375 19.574375 18.87 20.03875 16.239375 18.876875 19.275 18.634375 20.2175 19.98125 18.795 20 20.01375 20.02875 20.073125 20.010625 18.3725 19.566875 17.9875 11.9825 19.739375 20.0325 20.13875 19.959375 19.394375 19.601875 18.870625 17.80125 18.25625 19.216875 14.625 20.40625 17.0275 8.93125 15.84125 19.813125 11.611875 7.551875 17.404375 3.899375 5.02875 6.7925 3.689375 3.176875 1.5
0 11.3475 18.620625 15.343125 15.778125 5.799375 10.419375 11.744375 10.440625 19.365 20.315 16.485 6.980625 14.27125 19.625625 19.27625 19.73125 20.084375 17.830625 20.118125 20.155 20.053125 20.04125 19.728125 19.934375 20.001875 19.530625 20.025 20.0125 20 19.928125 19.438125 16.715 18.53125 19.88625 20.04625 18.1125 20 19.9875 18.321875 20.010625 19.124375 17.13125 20.024375 16.855 19.306875 17.294375 14.0125 15.98875 10.043125 4.6925 4.085625 7.53375 4.946875 4.839375 3.725625 0.55 0.049375 0
0.540625 18.113125 17.2575 17.775 14.014375 9.591875 5.55 12.935625 14.616875 13.468125 17.66875 18.309375 15.495625 20.2175 18.59625 19.8075 19.595625 20.050625 19.639375 18.5225 19.013125 20.08125 20.0475 17.714375 11.651875 19.849375 19.955 20.024375 20.008125 19.630625 20.05375 19.80875 16.44375 19.965625 19.564375 19.7 19.3425 20.025 19.538125 19.055 18.88125 19.623125 19.466875 17.704375 17.235 19.82875 14.06 18.214375 14.245625 8.280625 10.15625 4.345 3.53375 2.81875 0 0 0 0 0
0 12.3625 16.395625 17.990625 17.8075 14.54 12.845 19.26625 18.09875 17.916875 19.311875 11.3425 12.078125 13.876875 18.17 18.696875 20.025 20.048125 18.461875 15.905625 19.908125 19.9975 19.75125 19.486875 15.154375 19.144375 20.021875 20.0175 20 20.005 20.038125 19.8875 19.614375 19.01375 19.76875 19.258125 18.87125 19.15875 19.255625 18.281875 18.616875 18.009375 19.89375 19.725 17.9325 19.441875 18.3975 17.519375 18.265 16.175625 10.7375 9.66125 0.8525 1.479375 0 0 0 0 0
0 9.9775 15.361875 16.731875 18.02875 19.421875 19.426875 19.036875 14.72375 19.783125 15.508125 13.681875 20.01375 20.526875 19.151875 19.76375 18.244375 19.666875 13.201875 17.034375 20.033125 20.000625 19.676875 20.01625 20.000625 20 20 20.04375 20 20 20 20.021875 19.815625 19.979375 19.87625 19.1525 20 18.9025 16.799375 18.961875 20.010625 16.566875 15.7025 16.28125 15.5675 16.308125 16.210625 17.54375 8.78 10.87875 10.14375 10.468125 0.475625 0 0 0 0 0 0
0 6.005625 20.005 13.22125 11.605625 14.05 20.86125 14.94 20.13875 19.843125 12.045 15.33875 20.13875 19.18125 18.315 18.37625 19.470625 19.389375 19.736875 20 20.03375 19.603125 11.881875 9.70875 13.66375 19.081875 18.98 17.885 18.57125 18.515 18.6125 18.223125 18.05625 18.2225 19.023125 16.82 18.2975 18.17 18.57 17.79125 17.245 12.515 14.929375 18.386875 11.079375 13.574375 17.8425 15.335 9.601875 5.253125 7.320625 2.1575 0 0 0 0 0 0 0
0 3.980625 18.3625 17.990625 16.01375 20.2575 20.059375 16.25375 20.056875 19.76875 11.634375 11.62625 17.340625 19.044375 18.255625 14.84 20.044375 20.05625 19.948125 20.01 19.665625 18.338125 17.6275 18.169375 19.281875 16.803125 18.043125 20.0075 20 20.015 19.641875 18.91875 18.1625 17.698125 18.14375 18.2 16.76875 16.23375 16.92125 17.20875 17.495625 19.1275 18.84125 20.03 17.1575 17.075 19.969375 16.1075 19.205 11.13875 0.59125 0 0 0 0 0 0 0 0
0.06625 6.623125 12.585 13.550625 9.06125 14.76875 13.915 15.789375 18.236875 16.794375 5.906875 5.69875 9.54 16.49 18.82125 17.22375 19.438125 19.968125 17.84 18.40625 19.506875 20.0175 20.016875 20.026875 19.38875 19.97 18.40625 20.0375 20.020625 19.780625 20.036875 19.69875 19.26125 17.8775 16.9475 18.14 20.054375 20.010625 15.5425 18.04375 20.126875 18.96375 17.545 12.598125 7.89125 18.834375 14.2025 18.06625 14.705 14.19125 7.34875 0 0 0 0 0 0 0 0
2.59875 10.468125 9.63 11.079375 14.7575 10.379375 8.5775 14.89125 20.48375 17.37 8.54375 14.243125 17.363125 18.99125 14.4675 15.824375 19.339375 15.28875 17.1075 16.879375 20.1075 20.01625 19.8425 18.105625 15.2175 18.625 19.589375 20.061875 20.040625 17.69625 19.395 20.019375 20.015625 20.005625 19.728125 11.36875 19.62875 20.194375 13.67875 13.55125 17.105 18.12375 12.343125 13.264375 20.90125 20.695625 19.56875 20.74125 19.73375 9.919375 3.72125 0 0 0 0 0 0 0 0
4.89875 15.828125 17.4 17.34 17.52 16.600625 15.316875 16.5925 20.16625 15.351875 20.155 19.2875 20.025 7.87125 4.265625 18.244375 14.1775 12.76375 17.22875 9.461875 19.01375 19.53875 19.05 19.459375 19.786875 20 19.61 20.0075 20.045 20.050625 20 20.02875 19.40125 20.04 19.80625 12.568125 16.873125 18.291875 17.7475 12.4225 7.91875 13.409375 19.16625 20.759375 20.463125 20.63625 18.36125 19.916875 19.0825 5.190625 0.31125 0 0 0 0 0 0 0 0
3.774375 16.3825 16.76 18.11 18.55 16.168125 15.26375 15.66125 19.06375 20.18875 18.92375 20.49625 18.928125 7.724375 14.803125 19.8025 19.595 18.605625 13.82625 17.754375 19.028125 17.4375 18.89125 20.038125 18.365 17.0725 20.010625 20.01125 18.94875 18.761875 18.98875 13.531875 17.9725 17.88125 20.021875 20.2125 17.889375 18.211875 19.554375 20.3075 6.668125 19.255625 20.683125 11.84 20.441875 20.325 18.56875 13.470625 14.976875 9.075 0 0 0 0 0 0 0 0 0
0 2.536875 7.79125 15.74125 19.44875 14.949375 14.273125 15.035 6.7875 17.053125 20.875625 17.129375 19.6575 19.86625 19.08625 9.78875 9.186875 10.63625 16.44375 17.603125 19.77625 19.54375 19.466875 15.660625 18.990625 16.4725 20.083125 18.380625 16.94375 18.770625 19.874375 13.47375 15.755625 17.800625 19.269375 19.67875 19.7025 16.963125 17.30875 19.245625 10.52625 20.185625 20.39875 14.604375 17.955 18.88 13.198125 13.25875 12.521875 0.3125 0 0 0 0 0 0 0 0 0
0 0 0 6.31375 12.9925 16.674375 17.53625 18.071875 11.48 16.885625 20.765 20.253125 19.536875 10.361875 9.488125 3.764375 3.683125 4.235625 12.26 6.685625 19.764375 19.370625 18.926875 16.755625 19.7875 19.361875 20.133125 18.904375 18.285625 13.47875 12.860625 20.65125 19.94625 18.766875 19.28625 19.948125 20.125 14.195625 13.684375 12.32125 12.95375 19.2275 18.781875 14.6925 18.185 14.97125 11.00875 5.673125 0.144375 0 0 0 0 0 0 0 0 0 0
0 0 0 2.650625 7.383125 13.483125 20.085625 13.84875 17.320625 15.46375 14.175625 17.5725 13.648125 14.884375 10.608125 4.3525 4.26 5.61375 6.32125 4.515 17.200625 16.34875 19.19375 16.81 19.98375 12.85 19.955 20.223125 19.743125 16.809375 9.53125 20.330625 20.06 17.174375 19.04 16.314375 19.496875 15.385625 15.3425 18.536875 19.629375 19.020625 19.33375 19.32875 13.196875 10.71 4.913125 1.425 0 0 0 0 0 0 0 0 0 0 0
0 0 0 0 1.32625 5.236875 6.355 12.7775 18.351875 16.553125 13.824375 19.62 19.54 14.56125 15.97875 8.023125 8.496875 13.54375 1.754375 5.0125 19.4275 19.585625 18.37625 19.964375 20.005625 18.264375 18.86625 18.895 19.37375 19.548125 14.510625 19.775625 18.240625 17.251875 16.260625 18.3225 17.595 16.1125 10.528125 19.95 15.79 7.566875 14.8325 14.7675 12.1225 6.8525 0.43875 0 0 0 0 0 0 0 0 0 0 0 0
0 0 0 0 0 0 0 2.12375 4.670625 20.843125 15.295625 6.833125 12.776875 18.52125 18.6825 17.108125 14.621875 13.126875 10.07875 16.281875 20.3925 20.0675 19.625625 19.65875 19.369375 19.515 19.14375 16.498125 18.219375 19.90125 18.554375 19.110625 16.4825 17.95625 10.40375 14.19625 19.82625 11.675625 12.865 17.0275 13.0575 10.116875 6.901875 14.795 14.571875 6.46375 0.606875 0 0 0 0 0 0 0 0 0 0 0 0
0 0 0 0 0 0 0 0 3.18 16.206875 9.61375 4.29625 4.333125 7.743125 18.86125 20.144375 20.54875 17.556875 13.4275 19.156875 19.9275 20.0475 18.921875 19.056875 19.389375 18.69125 17.660625 18.77375 20.079375 18.310625 16.133125 19.6925 19.54125 19.52 20.554375 18.695625 18.898125 20.38875 19.720625 19.951875 8.5775 7.41625 14.73375 16.365 5.115 5.260625 2.679375 0 0 0 0 0 0 0 0 0 0 0 0
0 0 0 0 0 0 0 0 0 0.09625 0 3.15 6.471875 4.755 18.324375 15.903125 16.83375 20.416875 17.456875 18.103125 14.718125 18.486875 15.6475 17.903125 13.095 13.145 19.686875 20.326875 19.665625 18.18625 19.591875 12.89875 17.27 17.310625 18.686875 20.436875 20.55375 17.854375 19.478125 17.140625 7.955625 11.175 20.09375 20.3 11.243125 4.28375 1.54875 0 0 0 0 0 0 0 0 0 0 0 0
0 0 0 0 0 0 0 0 0 0 0 0 1.8425 7.134375 19.945 20.674375 14.0375 19.82375 16.8625 10.03375 17.185 13.96875 18.520625 17.121875 12.961875 7.623125 12.485625 20.09 20.135625 19.36 20.02375 16.428125 19.16625 12.848125 11.980625 18.715625 19.3325 5.42625 17.919375 13.3325 18.355625 20.868125 17.403125 19.19 7.175 3.73375 0.3225 0 0 0 0 0 0 0 0 0 0 0 0
0 0 0 0 0 0 0 0 0 0 0 0 0 0.581875 19.229375 17.7275 19.5875 15.830625 18.340625 16.355625 19.08875 18.9575 13.14125 18.999375 17.993125 10.6525 19.2725 20.05125 20.064375 20.0725 20.361875 17.96625 19.866875 11.698125 16.539375 18.13125 20.474375 5.3825 10.750625 7.591875 8.18625 20.958125 20.711875 18.57 11.7625 3.90625 0.765625 0 0 0 0 0 0 0 0 0 0 0 0
0 0 0 0 0 0 0 0 0 0 0 0 0 1.23625 12.986875 18.080625 8.779375 2.01625 6.871875 20.856875 20.383125 19.875 20.201875 20.806875 19.759375 9.093125 16.4475 19.455 19.605 20.043125 16.65625 11.6975 17.036875 19.8 17.229375 16.80875 12.169375 4.300625 15.4225 16.915 17.13 19.879375 20.333125 16.534375 9.135625 5.113125 0.29 0 0 0 0 0 0 0 0 0 0 0 0
0 0 0 0 0 0 0 0 0 0 0 0 0 5.490625 20.225625 17.341875 0.85625 0 2.459375 10.98375 17.96375 18.66 20.199375 20.404375 18.36125 20.71625 18.915 17.880625 18.335625 20.6775 8.93125 5.25625 8.565 7.499375 3.93625 8.03625 8.139375 8.59625 9.554375 8.70125 14.260625 16.226875 20.439375 13.65625 5.19625 4.618125 0 0 0 0 0 0 0 0 0 0 0 0 0
0 0 0 0 0 0 0 0 0 0 0 0 0 6.23875 15.5125 9.895 0 0 0 0 13.806875 20.500625 20.766875 20.97875 20.276875 20.7925 17.883125 10.681875 16.40125 19.44375 8.13875 13.564375 12.791875 9.884375 18.78375 5.22 3.87 3.8225 3.545 3.4625 3.84375 6.033125 13.33 13.285 4.268125 4.331875 0 0 0 0 0 0 0 0 0 0 0 0 0
0 0 0 0 0 0 0 0 0 0 0 0 0.281875 7.85625 4.8025 0.331875 0 0 0 0 9.263125 19.76 20.090625 17.1025 13.048125 14.72375 19.758125 13.2125 20.003125 19.68 17.1025 17.051875 17.426875 9.729375 15.56 11.418125 4.355 5.481875 7.044375 6.94 2.94625 4.32625 4.16125 10.235 0.965625 0.226875 0 0 0 0 0 0 0 0 0 0 0 0 0
0 0 0 0 0 0 0 0 0 0 0 0 0.219375 6.865 2.015625 0 0 0 0 0.463125 10.38875 9.29 1.946875 3.791875 4.485 9.961875 20.358125 20.693125 19.14875 12.535 15.8425 8.24125 5.77 1.065625 4.0825 11.61875 6.559375 8.154375 5.275 7.159375 4.1975 5.475625 3.553125 3.625625 0.755625 0 0 0 0 0 0 0 0 0 0 0 0 0 0
0 0 0 0 0 0 0 0 0 0 0 0 0.424375 3.025 0.369375 0 0 0 0 0 4.6075 0.20375 0 0.340625 4.241875 7.770625 20.500625 19.7875 16.455625 10.836875 9.63 6.685625 1.46125 0 0.004375 0.1275 2.729375 8.645625 5.778125 3.4575 3.57625 3.709375 2.183125 0.433125 0 0 0 0 0 0 0 0 0 0 0 0 0 0 0
0 0 0 0 0 0 0 0 0 0 0 0 0 0.013125 0 0 0 0 0 0 0 0 0 0 4.4475 17.990625 19.37375 11.410625 19.0225 12.34875 2.399375 5.55375 0.065625 0 0 0 2.349375 10.5925 14.56375 5.6175 5.929375 5.09375 0.036875 0 0 0 0 0 0 0 0 0 0 0 0 0 0 0 0
0 0 0 0 0 0 0 0 0 0 0 0 0 0 0 0 0 0 0 0 0 0 0 0 0.3675 9.729375 15.275625 14.115 9.9275 6.0025 1.6425 0 0 0 0 0 1.054375 11.484375 14.053125 5.769375 4.84875 3.4125 0 0 0 0 0 0 0 0 0 0 0 0 0 0 0 0 0
0 0 0 0 0 0 0 0 0 0 0 0 0 0 0 0 0 0 0 0 0 0 0 0 0.0175 5.96125 3.77875 13.510625 10.165625 2.723125 0 0 0 0 0 0 0.523125 2.23625 0.085 6.175 4.268125 5.0825 0.5075 0 0 0 0 0 0 0 0 0 0 0 0 0 0 0 0
0 0 0 0 0 0 0 0 0 0 0 0 0 0 0 0 0 0 0 0 0 0 0 0 0 0 0.140625 2.131875 1.2125 0 0 0 0 0 0 0 0.016875 0.25875 0.025 0.583125 1.26375 0.38625 0 0 0 0 0 0 0 0 0 0 0 0 0 0 0 0 0
0 0 0 0 0 0 0 0 0 0 0 0 0 0 0 0 0 0 0 0 0 0 0 0 0 0 0 0.725 0 0 0 0 0 0 0 0 0 0 0 0 0 0 0 0 0 0 0 0 0 0 0 0 0 0 0 0 0 0 0
